ZC1=1.000000e+00
YC1=1.00000

ZC2=1.000000e+00
YC2=1.50000e+01

ZC3=1.000000e+00
YC3=1.70000e+01

ZC4=2.000000e+00
YC4=3.00000

iter=7.000000e+00
